ramda: 361.65 KB (9.01%)
core-js-pure: 276.66 KB (6.89%)
ramda-adjunct: 255.42 KB (6.36%)
lodash: 251.03 KB (6.25%)
@swagger-api\apidom-ns-openapi-3-0: 204.59 KB (5.09%)
swagger-client: 158.71 KB (3.95%)
  is-plain-object: 758 B (0.466%)
  <self>: 157.97 KB (99.5%)
@swagger-api\apidom-ns-openapi-3-1: 154.77 KB (3.85%)
immutable: 139.01 KB (3.46%)
react-dom: 119.19 KB (2.97%)
js-yaml: 105.01 KB (2.61%)
@swagger-api\apidom-reference: 85.16 KB (2.12%)
@swagger-api\apidom-ns-json-schema-draft-4: 58.11 KB (1.45%)
minim: 57.35 KB (1.43%)
buffer: 56.99 KB (1.42%)
@swagger-api\apidom-core: 47.68 KB (1.19%)
react-redux: 46.86 KB (1.17%)
@swagger-api\apidom-ast: 44.47 KB (1.11%)
url: 37.24 KB (0.927%)
  punycode: 14.33 KB (38.5%)
  <self>: 22.92 KB (61.5%)
fast-json-patch: 31.89 KB (0.794%)
redux: 28.94 KB (0.721%)
qs: 26.61 KB (0.663%)
sha.js: 18.57 KB (0.462%)
object-inspect: 18.15 KB (0.452%)
url-parse: 16.23 KB (0.404%)
cross-fetch: 14.31 KB (0.356%)
get-intrinsic: 13.01 KB (0.324%)
reselect: 12.51 KB (0.311%)
@babel\runtime-corejs3: 11.16 KB (0.278%)
unraw: 10.27 KB (0.256%)
short-unique-id: 8.29 KB (0.207%)
react-copy-to-clipboard: 7.33 KB (0.183%)
traverse: 7.15 KB (0.178%)
react: 6.48 KB (0.161%)
redux-immutable: 5.43 KB (0.135%)
process: 5.29 KB (0.132%)
cookie: 5.1 KB (0.127%)
scheduler: 4.91 KB (0.122%)
deep-extend: 4.19 KB (0.104%)
deepmerge: 3.95 KB (0.0984%)
base64-js: 3.84 KB (0.0956%)
@swagger-api\apidom-json-pointer: 3.68 KB (0.0917%)
side-channel: 3.31 KB (0.0825%)
copy-to-clipboard: 3.29 KB (0.0818%)
stampit: 3.16 KB (0.0786%)
css.escape: 3.08 KB (0.0767%)
@babel\runtime: 3.05 KB (0.0760%)
serialize-error: 2.93 KB (0.0729%)
hoist-non-react-statics: 2.68 KB (0.0667%)
prop-types: 2.6 KB (0.0648%)
use-sync-external-store: 2.59 KB (0.0646%)
querystringify: 2.5 KB (0.0624%)
react-is: 2.48 KB (0.0618%)
has-symbols: 2.13 KB (0.0530%)
ieee754: 2.1 KB (0.0524%)
object-assign: 2.06 KB (0.0513%)
call-bind: 1.68 KB (0.0418%)
safe-buffer: 1.63 KB (0.0406%)
function-bind: 1.55 KB (0.0386%)
randombytes: 1.54 KB (0.0383%)
@braintree\sanitize-url: 1.38 KB (0.0343%)
toggle-selection: 780 B (0.0190%)
inherits: 753 B (0.0183%)
requires-port: 753 B (0.0183%)
formdata-node: 259 B (0.00630%)
has-proto: 197 B (0.00479%)
has: 129 B (0.00314%)
object-inspect|./util.inspec: 15 B (0.000365%)
<self>: 1.21 MB (30.9%)
