ramda: 361.65 KB (9.15%)
ramda-adjunct: 255.42 KB (6.46%)
lodash: 251.03 KB (6.35%)
core-js-pure: 216.49 KB (5.48%)
@swagger-api\apidom-ns-openapi-3-0: 204.59 KB (5.18%)
swagger-client: 158.71 KB (4.02%)
  is-plain-object: 758 B (0.466%)
  <self>: 157.97 KB (99.5%)
@swagger-api\apidom-ns-openapi-3-1: 154.77 KB (3.92%)
immutable: 139.01 KB (3.52%)
react-dom: 119.19 KB (3.02%)
js-yaml: 105.01 KB (2.66%)
@swagger-api\apidom-reference: 85.16 KB (2.16%)
@swagger-api\apidom-ns-json-schema-draft-4: 58.11 KB (1.47%)
minim: 57.35 KB (1.45%)
buffer: 56.99 KB (1.44%)
@swagger-api\apidom-core: 47.68 KB (1.21%)
react-redux: 46.86 KB (1.19%)
@swagger-api\apidom-ast: 44.47 KB (1.13%)
url: 37.24 KB (0.943%)
  punycode: 14.33 KB (38.5%)
  <self>: 22.92 KB (61.5%)
fast-json-patch: 31.89 KB (0.807%)
redux: 28.94 KB (0.733%)
qs: 26.61 KB (0.673%)
sha.js: 18.57 KB (0.470%)
object-inspect: 18.15 KB (0.459%)
url-parse: 16.23 KB (0.411%)
cross-fetch: 14.31 KB (0.362%)
get-intrinsic: 13.01 KB (0.329%)
reselect: 12.51 KB (0.317%)
@babel\runtime-corejs3: 11.04 KB (0.279%)
unraw: 10.27 KB (0.260%)
short-unique-id: 8.29 KB (0.210%)
react-copy-to-clipboard: 7.33 KB (0.186%)
traverse: 7.15 KB (0.181%)
react: 6.48 KB (0.164%)
redux-immutable: 5.43 KB (0.137%)
process: 5.29 KB (0.134%)
cookie: 5.1 KB (0.129%)
scheduler: 4.91 KB (0.124%)
deep-extend: 4.19 KB (0.106%)
deepmerge: 3.95 KB (0.100%)
base64-js: 3.84 KB (0.0972%)
@swagger-api\apidom-json-pointer: 3.68 KB (0.0932%)
side-channel: 3.31 KB (0.0838%)
copy-to-clipboard: 3.29 KB (0.0832%)
stampit: 3.16 KB (0.0799%)
css.escape: 3.08 KB (0.0779%)
@babel\runtime: 3.05 KB (0.0772%)
serialize-error: 2.93 KB (0.0741%)
hoist-non-react-statics: 2.68 KB (0.0678%)
prop-types: 2.6 KB (0.0658%)
use-sync-external-store: 2.59 KB (0.0656%)
querystringify: 2.5 KB (0.0634%)
react-is: 2.48 KB (0.0629%)
has-symbols: 2.13 KB (0.0539%)
ieee754: 2.1 KB (0.0532%)
object-assign: 2.06 KB (0.0521%)
call-bind: 1.68 KB (0.0425%)
safe-buffer: 1.63 KB (0.0413%)
function-bind: 1.55 KB (0.0393%)
randombytes: 1.54 KB (0.0390%)
@braintree\sanitize-url: 1.38 KB (0.0349%)
toggle-selection: 780 B (0.0193%)
inherits: 753 B (0.0186%)
requires-port: 753 B (0.0186%)
formdata-node: 259 B (0.00640%)
has-proto: 197 B (0.00487%)
has: 129 B (0.00319%)
object-inspect|./util.inspec: 15 B (0.000371%)
<self>: 1.21 MB (31.3%)
